$ANSIBLE_VAULT;1.1;AES256
64616565356162643837356137653962626235643534333432663831656331616536323737633830
3831633062623633306530336561353033653330633565300a313361303963616535613634393032
31613062373839353534336564613634613362393439336530326362333234643766373936383739
6664313931343037310a376230376136396335626232363065393863383737343139623330363564
32346538326266643964613636633165663466343634633463653664343937383731643132333562
31333562353766346265343731373639656266633737653232633436366330633663353330356539
65326264643062353335643537353530373831363264636365343564623166313932356464313962
32343937313132646166663265363566333732653134383964306663616331373736333534356662
35346138303563646130306333346233623965393265356536656539646164646332663262316338
61323464613462653931353234303964326435663635313166383463623366326161326232353939
62343938306436653139353533663132313932316634656164373338303838646533303839326435
36343039346365613232333633306334396266333365653130313566336231613763363562346162
32326566323463386530623633343231333037643561366334656536393833356635306337343539
65613061333732626532336330343132633230346162646333306135646462306336363132636164
38633137333166653137613564333132663633353464626464316336323631303538626131303139
66383265623235323233
